9

1 2 2
1 4 1
1 5 4
2 3 3
2 4 3
2 6 7
3 4 5
3 6 8
4 5 9

14

1 2 4
1 8 8
2 8 11
2 3 8
3 9 2
3 6 4
3 4 7
4 5 9
4 6 14
5 6 10
6 7 2
7 9 6
7 8 1
8 9 7

60

16 5 6
1 6 2
18 11 5
4 2 4
2 12 3
16 18 7
18 19 1
5 4 7
2 10 9
12 8 2
6 17 4
12 13 4
16 9 7
14 2 1
15 18 5
19 20 6
8 3 6
5 12 5
10 9 3
4 6 1
6 9 6
3 2 4
13 6 9
7 17 9
13 2 4
5 17 7
8 9 3
7 13 9
17 15 6
4 15 4
8 18 3
17 14 7
11 7 8
5 19 2
13 20 3
10 14 6
19 10 2
5 11 6
14 15 3
10 3 1
12 20 1
18 4 3
3 12 4
4 20 2
10 12 5
20 1 2
19 17 7
5 9 6
2 20 9
9 18 3
12 19 5
4 13 2
15 1 3
15 16 1
5 7 8
7 4 3
16 8 7
13 9 4
5 10 3
7 14 9
0,0,0,0,0,2,0,0,0,0,0,0,0,0,3,0,0,0,0,2,
0,0,4,4,0,0,0,0,0,9,0,3,4,1,0,0,0,0,0,9,
0,4,0,0,0,0,0,6,0,1,0,4,0,0,0,0,0,0,0,0,
0,4,0,0,7,1,3,0,0,0,0,0,2,0,4,0,0,3,0,2,
0,0,0,7,0,0,8,0,6,3,6,5,0,0,0,6,7,0,2,0,
2,0,0,1,0,0,0,0,6,0,0,0,9,0,0,0,4,0,0,0,
0,0,0,3,8,0,0,0,0,0,8,0,9,9,0,0,9,0,0,0,
0,0,6,0,0,0,0,0,3,0,0,2,0,0,0,7,0,3,0,0,
0,0,0,0,6,6,0,3,0,3,0,0,4,0,0,7,0,3,0,0,
0,9,1,0,3,0,0,0,3,0,0,5,0,6,0,0,0,0,2,0,
0,0,0,0,6,0,8,0,0,0,0,0,0,0,0,0,0,5,0,0,
0,3,4,0,5,0,0,2,0,5,0,0,4,0,0,0,0,0,5,1,
0,4,0,2,0,9,9,0,4,0,0,4,0,0,0,0,0,0,0,3,
0,1,0,0,0,0,9,0,0,6,0,0,0,0,3,0,7,0,0,0,
3,0,0,4,0,0,0,0,0,0,0,0,0,3,0,1,6,5,0,0,
0,0,0,0,6,0,0,7,7,0,0,0,0,0,1,0,0,7,0,0,
0,0,0,0,7,4,9,0,0,0,0,0,0,7,6,0,0,0,7,0,
0,0,0,3,0,0,0,3,3,0,5,0,0,0,5,7,0,0,1,0,
0,0,0,0,2,0,0,0,0,2,0,5,0,0,0,0,7,1,0,6,
2,9,0,2,0,0,0,0,0,0,0,1,3,0,0,0,0,0,6,0,

100

17 41 10
41 19 8
19 30 4
30 28 3
28 16 6
16 21 10
21 13 15
13 9 4
9 34 10
34 10 12
10 25 15
25 45 13
45 24 9
24 15 7
15 37 15
37 46 5
46 12 9
12 23 6
23 40 14
40 32 4
32 26 8
26 27 10
27 47 8
47 4 11
4 31 8
31 36 9
36 1 7
1 29 12
29 20 14
20 49 14
49 18 15
18 2 13
2 33 12
33 42 10
42 5 8
5 8 7
8 44 3
44 39 13
39 35 15
35 43 13
43 50 4
50 7 12
7 38 3
38 6 9
6 48 5
48 14 11
14 22 9
22 11 5
11 3 5
3 17 8
9 47 20
7 28 23
21 39 21
45 34 48
6 21 27
32 12 45
16 27 26
11 39 36
18 44 24
38 4 45
10 9 49
26 7 23
24 4 28
44 19 30
1 44 43
49 40 48
8 35 45
43 7 25
5 32 38
20 6 43
2 17 28
22 2 27
25 50 42
28 15 46
23 44 41
27 8 31
29 21 28
44 29 22
29 14 34
43 38 32
18 4 22
42 12 26
50 22 21
8 20 35
27 17 27
50 14 42
11 44 22
47 39 38
24 43 47
32 14 35
44 48 46
26 4 42
9 2 36
9 32 43
28 11 48
19 22 25
10 2 43
1 33 42
11 12 45
9 38 47
0,0,0,0,0,0,0,0,0,0,0,0,0,0,0,0,0,0,0,0,0,0,0,0,0,0,0,0,12,0,0,0,42,0,0,7,0,0,0,0,0,0,0,43,0,0,0,0,0,0,
0,0,0,0,0,0,0,0,36,43,0,0,0,0,0,0,28,13,0,0,0,27,0,0,0,0,0,0,0,0,0,0,12,0,0,0,0,0,0,0,0,0,0,0,0,0,0,0,0,0,
0,0,0,0,0,0,0,0,0,0,5,0,0,0,0,0,8,0,0,0,0,0,0,0,0,0,0,0,0,0,0,0,0,0,0,0,0,0,0,0,0,0,0,0,0,0,0,0,0,0,
0,0,0,0,0,0,0,0,0,0,0,0,0,0,0,0,0,22,0,0,0,0,0,28,0,42,0,0,0,0,8,0,0,0,0,0,0,45,0,0,0,0,0,0,0,0,11,0,0,0,
0,0,0,0,0,0,0,7,0,0,0,0,0,0,0,0,0,0,0,0,0,0,0,0,0,0,0,0,0,0,0,38,0,0,0,0,0,0,0,0,0,8,0,0,0,0,0,0,0,0,
0,0,0,0,0,0,0,0,0,0,0,0,0,0,0,0,0,0,0,43,27,0,0,0,0,0,0,0,0,0,0,0,0,0,0,0,0,9,0,0,0,0,0,0,0,0,0,5,0,0,
0,0,0,0,0,0,0,0,0,0,0,0,0,0,0,0,0,0,0,0,0,0,0,0,0,23,0,23,0,0,0,0,0,0,0,0,0,3,0,0,0,0,25,0,0,0,0,0,0,12,
0,0,0,0,7,0,0,0,0,0,0,0,0,0,0,0,0,0,0,35,0,0,0,0,0,0,31,0,0,0,0,0,0,0,45,0,0,0,0,0,0,0,0,3,0,0,0,0,0,0,
0,36,0,0,0,0,0,0,0,49,0,0,4,0,0,0,0,0,0,0,0,0,0,0,0,0,0,0,0,0,0,43,0,10,0,0,0,47,0,0,0,0,0,0,0,0,20,0,0,0,
0,43,0,0,0,0,0,0,49,0,0,0,0,0,0,0,0,0,0,0,0,0,0,0,15,0,0,0,0,0,0,0,0,12,0,0,0,0,0,0,0,0,0,0,0,0,0,0,0,0,
0,0,5,0,0,0,0,0,0,0,0,45,0,0,0,0,0,0,0,0,0,5,0,0,0,0,0,48,0,0,0,0,0,0,0,0,0,0,36,0,0,0,0,22,0,0,0,0,0,0,
0,0,0,0,0,0,0,0,0,0,45,0,0,0,0,0,0,0,0,0,0,0,6,0,0,0,0,0,0,0,0,45,0,0,0,0,0,0,0,0,0,26,0,0,0,9,0,0,0,0,
0,0,0,0,0,0,0,0,4,0,0,0,0,0,0,0,0,0,0,0,15,0,0,0,0,0,0,0,0,0,0,0,0,0,0,0,0,0,0,0,0,0,0,0,0,0,0,0,0,0,
0,0,0,0,0,0,0,0,0,0,0,0,0,0,0,0,0,0,0,0,0,9,0,0,0,0,0,0,34,0,0,35,0,0,0,0,0,0,0,0,0,0,0,0,0,0,0,11,0,42,
0,0,0,0,0,0,0,0,0,0,0,0,0,0,0,0,0,0,0,0,0,0,0,7,0,0,0,46,0,0,0,0,0,0,0,0,15,0,0,0,0,0,0,0,0,0,0,0,0,0,
0,0,0,0,0,0,0,0,0,0,0,0,0,0,0,0,0,0,0,0,10,0,0,0,0,0,26,6,0,0,0,0,0,0,0,0,0,0,0,0,0,0,0,0,0,0,0,0,0,0,
0,28,8,0,0,0,0,0,0,0,0,0,0,0,0,0,0,0,0,0,0,0,0,0,0,0,27,0,0,0,0,0,0,0,0,0,0,0,0,0,10,0,0,0,0,0,0,0,0,0,
0,13,0,22,0,0,0,0,0,0,0,0,0,0,0,0,0,0,0,0,0,0,0,0,0,0,0,0,0,0,0,0,0,0,0,0,0,0,0,0,0,0,0,24,0,0,0,0,15,0,
0,0,0,0,0,0,0,0,0,0,0,0,0,0,0,0,0,0,0,0,0,25,0,0,0,0,0,0,0,4,0,0,0,0,0,0,0,0,0,0,8,0,0,30,0,0,0,0,0,0,
0,0,0,0,0,43,0,35,0,0,0,0,0,0,0,0,0,0,0,0,0,0,0,0,0,0,0,0,14,0,0,0,0,0,0,0,0,0,0,0,0,0,0,0,0,0,0,0,14,0,
0,0,0,0,0,27,0,0,0,0,0,0,15,0,0,10,0,0,0,0,0,0,0,0,0,0,0,0,28,0,0,0,0,0,0,0,0,0,21,0,0,0,0,0,0,0,0,0,0,0,
0,27,0,0,0,0,0,0,0,0,5,0,0,9,0,0,0,0,25,0,0,0,0,0,0,0,0,0,0,0,0,0,0,0,0,0,0,0,0,0,0,0,0,0,0,0,0,0,0,21,
0,0,0,0,0,0,0,0,0,0,0,6,0,0,0,0,0,0,0,0,0,0,0,0,0,0,0,0,0,0,0,0,0,0,0,0,0,0,0,14,0,0,0,41,0,0,0,0,0,0,
0,0,0,28,0,0,0,0,0,0,0,0,0,0,7,0,0,0,0,0,0,0,0,0,0,0,0,0,0,0,0,0,0,0,0,0,0,0,0,0,0,0,47,0,9,0,0,0,0,0,
0,0,0,0,0,0,0,0,0,15,0,0,0,0,0,0,0,0,0,0,0,0,0,0,0,0,0,0,0,0,0,0,0,0,0,0,0,0,0,0,0,0,0,0,13,0,0,0,0,42,
0,0,0,42,0,0,23,0,0,0,0,0,0,0,0,0,0,0,0,0,0,0,0,0,0,0,10,0,0,0,0,8,0,0,0,0,0,0,0,0,0,0,0,0,0,0,0,0,0,0,
0,0,0,0,0,0,0,31,0,0,0,0,0,0,0,26,27,0,0,0,0,0,0,0,0,10,0,0,0,0,0,0,0,0,0,0,0,0,0,0,0,0,0,0,0,0,8,0,0,0,
0,0,0,0,0,0,23,0,0,0,48,0,0,0,46,6,0,0,0,0,0,0,0,0,0,0,0,0,0,3,0,0,0,0,0,0,0,0,0,0,0,0,0,0,0,0,0,0,0,0,
12,0,0,0,0,0,0,0,0,0,0,0,0,34,0,0,0,0,0,14,28,0,0,0,0,0,0,0,0,0,0,0,0,0,0,0,0,0,0,0,0,0,0,22,0,0,0,0,0,0,
0,0,0,0,0,0,0,0,0,0,0,0,0,0,0,0,0,0,4,0,0,0,0,0,0,0,0,3,0,0,0,0,0,0,0,0,0,0,0,0,0,0,0,0,0,0,0,0,0,0,
0,0,0,8,0,0,0,0,0,0,0,0,0,0,0,0,0,0,0,0,0,0,0,0,0,0,0,0,0,0,0,0,0,0,0,9,0,0,0,0,0,0,0,0,0,0,0,0,0,0,
0,0,0,0,38,0,0,0,43,0,0,45,0,35,0,0,0,0,0,0,0,0,0,0,0,8,0,0,0,0,0,0,0,0,0,0,0,0,0,4,0,0,0,0,0,0,0,0,0,0,
42,12,0,0,0,0,0,0,0,0,0,0,0,0,0,0,0,0,0,0,0,0,0,0,0,0,0,0,0,0,0,0,0,0,0,0,0,0,0,0,0,10,0,0,0,0,0,0,0,0,
0,0,0,0,0,0,0,0,10,12,0,0,0,0,0,0,0,0,0,0,0,0,0,0,0,0,0,0,0,0,0,0,0,0,0,0,0,0,0,0,0,0,0,0,48,0,0,0,0,0,
0,0,0,0,0,0,0,45,0,0,0,0,0,0,0,0,0,0,0,0,0,0,0,0,0,0,0,0,0,0,0,0,0,0,0,0,0,0,15,0,0,0,13,0,0,0,0,0,0,0,
7,0,0,0,0,0,0,0,0,0,0,0,0,0,0,0,0,0,0,0,0,0,0,0,0,0,0,0,0,0,9,0,0,0,0,0,0,0,0,0,0,0,0,0,0,0,0,0,0,0,
0,0,0,0,0,0,0,0,0,0,0,0,0,0,15,0,0,0,0,0,0,0,0,0,0,0,0,0,0,0,0,0,0,0,0,0,0,0,0,0,0,0,0,0,0,5,0,0,0,0,
0,0,0,45,0,9,3,0,47,0,0,0,0,0,0,0,0,0,0,0,0,0,0,0,0,0,0,0,0,0,0,0,0,0,0,0,0,0,0,0,0,0,32,0,0,0,0,0,0,0,
0,0,0,0,0,0,0,0,0,0,36,0,0,0,0,0,0,0,0,0,21,0,0,0,0,0,0,0,0,0,0,0,0,0,15,0,0,0,0,0,0,0,0,13,0,0,38,0,0,0,
0,0,0,0,0,0,0,0,0,0,0,0,0,0,0,0,0,0,0,0,0,0,14,0,0,0,0,0,0,0,0,4,0,0,0,0,0,0,0,0,0,0,0,0,0,0,0,0,48,0,
0,0,0,0,0,0,0,0,0,0,0,0,0,0,0,0,10,0,8,0,0,0,0,0,0,0,0,0,0,0,0,0,0,0,0,0,0,0,0,0,0,0,0,0,0,0,0,0,0,0,
0,0,0,0,8,0,0,0,0,0,0,26,0,0,0,0,0,0,0,0,0,0,0,0,0,0,0,0,0,0,0,0,10,0,0,0,0,0,0,0,0,0,0,0,0,0,0,0,0,0,
0,0,0,0,0,0,25,0,0,0,0,0,0,0,0,0,0,0,0,0,0,0,0,47,0,0,0,0,0,0,0,0,0,0,13,0,0,32,0,0,0,0,0,0,0,0,0,0,0,4,
43,0,0,0,0,0,0,3,0,0,22,0,0,0,0,0,0,24,30,0,0,0,41,0,0,0,0,0,22,0,0,0,0,0,0,0,0,0,13,0,0,0,0,0,0,0,0,46,0,0,
0,0,0,0,0,0,0,0,0,0,0,0,0,0,0,0,0,0,0,0,0,0,0,9,13,0,0,0,0,0,0,0,0,48,0,0,0,0,0,0,0,0,0,0,0,0,0,0,0,0,
0,0,0,0,0,0,0,0,0,0,0,9,0,0,0,0,0,0,0,0,0,0,0,0,0,0,0,0,0,0,0,0,0,0,0,0,5,0,0,0,0,0,0,0,0,0,0,0,0,0,
0,0,0,11,0,0,0,0,20,0,0,0,0,0,0,0,0,0,0,0,0,0,0,0,0,0,8,0,0,0,0,0,0,0,0,0,0,0,38,0,0,0,0,0,0,0,0,0,0,0,
0,0,0,0,0,5,0,0,0,0,0,0,0,11,0,0,0,0,0,0,0,0,0,0,0,0,0,0,0,0,0,0,0,0,0,0,0,0,0,0,0,0,0,46,0,0,0,0,0,0,
0,0,0,0,0,0,0,0,0,0,0,0,0,0,0,0,0,15,0,14,0,0,0,0,0,0,0,0,0,0,0,0,0,0,0,0,0,0,0,48,0,0,0,0,0,0,0,0,0,0,
0,0,0,0,0,0,12,0,0,0,0,0,0,42,0,0,0,0,0,0,0,21,0,0,42,0,0,0,0,0,0,0,0,0,0,0,0,0,0,0,0,0,4,0,0,0,0,0,0,0,

https://graphonline.ru/en/# -> for visualizing graph using adjacency matrix