10

1 2 46
1 3 38        
1 4 39        
1 5 35        
2 3 27        
2 4 28        
2 5 33        
3 4 35        
3 5 35        
4 5 31    

0,46,38,39,35,
46,0,27,28,33,
38,27,0,35,35,
39,28,35,0,31,
35,33,35,31,0,

190

1 2 46
1 3 49
1 4 49
1 5 27
1 6 46
1 7 29
1 8 31
1 9 30
1 10 42
1 11 27
1 12 34
1 13 37
1 14 34
1 15 45
1 16 22
1 17 27
1 18 42
1 19 26
1 20 39
2 3 37
2 4 43
2 5 38
2 6 36
2 7 48
2 8 34
2 9 31
2 10 47
2 11 39
2 12 42
2 13 26
2 14 43
2 15 22
2 16 47
2 17 46
2 18 34
2 19 32
2 20 22
3 4 24
3 5 40
3 6 39
3 7 21
3 8 49
3 9 39
3 10 26
3 11 38
3 12 42
3 13 48
3 14 47
3 15 26
3 16 31
3 17 47
3 18 26
3 19 43
3 20 25
4 5 27
4 6 40
4 7 27
4 8 46
4 9 31
4 10 23
4 11 36
4 12 45
4 13 26
4 14 44
4 15 46
4 16 35
4 17 43
4 18 34
4 19 40
4 20 33
5 6 45
5 7 49
5 8 22
5 9 23
5 10 42
5 11 42
5 12 49
5 13 23
5 14 36
5 15 35
5 16 23
5 17 22
5 18 30
5 19 20
5 20 28
6 7 23
6 8 37
6 9 50
6 10 34
6 11 35
6 12 37
6 13 39
6 14 27
6 15 45
6 16 30
6 17 39
6 18 36
6 19 47
6 20 23
7 8 38
7 9 20
7 10 28
7 11 27
7 12 49
7 13 26
7 14 23
7 15 45
7 16 24
7 17 31
7 18 25
7 19 47
7 20 46
8 9 24
8 10 23
8 11 42
8 12 41
8 13 33
8 14 22
8 15 24
8 16 46
8 17 28
8 18 24
8 19 22
8 20 37
9 10 38
9 11 44
9 12 45
9 13 38
9 14 34
9 15 24
9 16 28
9 17 37
9 18 31
9 19 41
9 20 22
10 11 43
10 12 39
10 13 24
10 14 44
10 15 47
10 16 22
10 17 40
10 18 45
10 19 37
10 20 49
11 12 48
11 13 39
11 14 48
11 15 42
11 16 31
11 17 26
11 18 28
11 19 34
11 20 47
12 13 49
12 14 23
12 15 27
12 16 22
12 17 44
12 18 36
12 19 25
12 20 36
13 14 32
13 15 45
13 16 38
13 17 43
13 18 27
13 19 42
13 20 20
14 15 44
14 16 37
14 17 47
14 18 44
14 19 21
14 20 30
15 16 42
15 17 24
15 18 42
15 19 37
15 20 36
16 17 45
16 18 50
16 19 45
16 20 23
17 18 39
17 19 49
17 20 37
18 19 20
18 20 22
19 20 46

0,46,49,49,27,46,29,31,30,42,27,34,37,34,45,22,27,42,26,39,
46,0,37,43,38,36,48,34,31,47,39,42,26,43,22,47,46,34,32,22,
49,37,0,24,40,39,21,49,39,26,38,42,48,47,26,31,47,26,43,25,
49,43,24,0,27,40,27,46,31,23,36,45,26,44,46,35,43,34,40,33,
27,38,40,27,0,45,49,22,23,42,42,49,23,36,35,23,22,30,20,28,
46,36,39,40,45,0,23,37,50,34,35,37,39,27,45,30,39,36,47,23,
29,48,21,27,49,23,0,38,20,28,27,49,26,23,45,24,31,25,47,46,
31,34,49,46,22,37,38,0,24,23,42,41,33,22,24,46,28,24,22,37,
30,31,39,31,23,50,20,24,0,38,44,45,38,34,24,28,37,31,41,22,
42,47,26,23,42,34,28,23,38,0,43,39,24,44,47,22,40,45,37,49,
27,39,38,36,42,35,27,42,44,43,0,48,39,48,42,31,26,28,34,47,
34,42,42,45,49,37,49,41,45,39,48,0,49,23,27,22,44,36,25,36,
37,26,48,26,23,39,26,33,38,24,39,49,0,32,45,38,43,27,42,20,
34,43,47,44,36,27,23,22,34,44,48,23,32,0,44,37,47,44,21,30,
45,22,26,46,35,45,45,24,24,47,42,27,45,44,0,42,24,42,37,36,
22,47,31,35,23,30,24,46,28,22,31,22,38,37,42,0,45,50,45,23,
27,46,47,43,22,39,31,28,37,40,26,44,43,47,24,45,0,39,49,37,
42,34,26,34,30,36,25,24,31,45,28,36,27,44,42,50,39,0,20,22,
26,32,43,40,20,47,47,22,41,37,34,25,42,21,37,45,49,20,0,46,
39,22,25,33,28,23,46,37,22,49,47,36,20,30,36,23,37,22,46,0,

1225

1 2 30
1 3 20
1 4 26
1 5 31
1 6 27
1 7 37
1 8 44
1 9 24
1 10 46
1 11 44
1 12 24
1 13 41
1 14 22
1 15 37
1 16 48
1 17 24
1 18 24
1 19 27
1 20 33
1 21 49
1 22 31
1 23 27
1 24 35
1 25 49
1 26 46
1 27 39
1 28 50
1 29 27
1 30 45
1 31 48
1 32 36
1 33 24
1 34 35
1 35 49
1 36 40
1 37 21
1 38 39
1 39 32
1 40 20
1 41 49
1 42 36
1 43 47
1 44 31
1 45 37
1 46 41
1 47 20
1 48 22
1 49 39
1 50 27
2 3 36
2 4 45
2 5 20
2 6 23
2 7 35
2 8 45
2 9 45
2 10 30
2 11 25
2 12 36
2 13 21
2 14 40
2 15 46
2 16 37
2 17 27
2 18 36
2 19 23
2 20 36
2 21 39
2 22 47
2 23 33
2 24 36
2 25 39
2 26 29
2 27 24
2 28 45
2 29 21
2 30 25
2 31 33
2 32 37
2 33 25
2 34 44
2 35 37
2 36 46
2 37 47
2 38 28
2 39 26
2 40 35
2 41 49
2 42 27
2 43 27
2 44 45
2 45 41
2 46 23
2 47 21
2 48 22
2 49 44
2 50 25
3 4 39
3 5 50
3 6 37
3 7 41
3 8 35
3 9 39
3 10 40
3 11 41
3 12 42
3 13 47
3 14 32
3 15 37
3 16 24
3 17 45
3 18 28
3 19 49
3 20 21
3 21 41
3 22 26
3 23 48
3 24 35
3 25 35
3 26 43
3 27 36
3 28 38
3 29 34
3 30 34
3 31 28
3 32 36
3 33 34
3 34 23
3 35 26
3 36 43
3 37 30
3 38 42
3 39 39
3 40 23
3 41 28
3 42 38
3 43 45
3 44 32
3 45 34
3 46 29
3 47 24
3 48 49
3 49 26
3 50 21
4 5 35
4 6 24
4 7 27
4 8 39
4 9 48
4 10 22
4 11 32
4 12 40
4 13 34
4 14 38
4 15 23
4 16 37
4 17 49
4 18 25
4 19 36
4 20 35
4 21 43
4 22 47
4 23 32
4 24 25
4 25 29
4 26 38
4 27 31
4 28 29
4 29 37
4 30 24
4 31 40
4 32 40
4 33 46
4 34 25
4 35 42
4 36 48
4 37 23
4 38 34
4 39 25
4 40 30
4 41 25
4 42 27
4 43 26
4 44 26
4 45 48
4 46 30
4 47 34
4 48 37
4 49 45
4 50 21
5 6 32
5 7 48
5 8 23
5 9 37
5 10 31
5 11 22
5 12 41
5 13 38
5 14 43
5 15 42
5 16 24
5 17 30
5 18 32
5 19 21
5 20 44
5 21 37
5 22 42
5 23 41
5 24 24
5 25 29
5 26 35
5 27 41
5 28 26
5 29 39
5 30 20
5 31 21
5 32 30
5 33 30
5 34 25
5 35 29
5 36 31
5 37 47
5 38 48
5 39 49
5 40 39
5 41 25
5 42 26
5 43 49
5 44 34
5 45 29
5 46 25
5 47 44
5 48 30
5 49 35
5 50 39
6 7 40
6 8 21
6 9 26
6 10 25
6 11 37
6 12 25
6 13 46
6 14 32
6 15 34
6 16 22
6 17 42
6 18 41
6 19 43
6 20 28
6 21 23
6 22 30
6 23 22
6 24 35
6 25 34
6 26 28
6 27 28
6 28 46
6 29 25
6 30 24
6 31 37
6 32 46
6 33 30
6 34 43
6 35 45
6 36 21
6 37 45
6 38 40
6 39 48
6 40 35
6 41 44
6 42 49
6 43 31
6 44 28
6 45 25
6 46 47
6 47 41
6 48 26
6 49 37
6 50 25
7 8 23
7 9 45
7 10 34
7 11 35
7 12 24
7 13 39
7 14 28
7 15 41
7 16 29
7 17 30
7 18 40
7 19 23
7 20 38
7 21 47
7 22 26
7 23 35
7 24 33
7 25 44
7 26 20
7 27 38
7 28 27
7 29 27
7 30 22
7 31 38
7 32 28
7 33 21
7 34 42
7 35 21
7 36 46
7 37 35
7 38 33
7 39 22
7 40 27
7 41 20
7 42 48
7 43 25
7 44 33
7 45 24
7 46 20
7 47 42
7 48 37
7 49 38
7 50 33
8 9 43
8 10 34
8 11 44
8 12 47
8 13 43
8 14 32
8 15 47
8 16 38
8 17 24
8 18 45
8 19 40
8 20 40
8 21 24
8 22 36
8 23 23
8 24 32
8 25 32
8 26 33
8 27 34
8 28 43
8 29 29
8 30 30
8 31 31
8 32 50
8 33 29
8 34 43
8 35 48
8 36 41
8 37 25
8 38 46
8 39 30
8 40 37
8 41 43
8 42 33
8 43 23
8 44 31
8 45 20
8 46 37
8 47 39
8 48 35
8 49 48
8 50 27
9 10 35
9 11 44
9 12 33
9 13 43
9 14 33
9 15 22
9 16 37
9 17 23
9 18 20
9 19 37
9 20 22
9 21 36
9 22 36
9 23 31
9 24 45
9 25 22
9 26 23
9 27 27
9 28 33
9 29 47
9 30 25
9 31 46
9 32 20
9 33 37
9 34 36
9 35 36
9 36 34
9 37 45
9 38 41
9 39 48
9 40 26
9 41 42
9 42 23
9 43 42
9 44 38
9 45 39
9 46 39
9 47 45
9 48 46
9 49 50
9 50 25
10 11 46
10 12 35
10 13 44
10 14 44
10 15 50
10 16 33
10 17 35
10 18 23
10 19 48
10 20 44
10 21 43
10 22 50
10 23 46
10 24 20
10 25 38
10 26 30
10 27 40
10 28 26
10 29 49
10 30 49
10 31 32
10 32 38
10 33 27
10 34 50
10 35 45
10 36 48
10 37 27
10 38 33
10 39 50
10 40 41
10 41 46
10 42 40
10 43 24
10 44 46
10 45 27
10 46 38
10 47 39
10 48 49
10 49 45
10 50 37
11 12 39
11 13 26
11 14 26
11 15 43
11 16 20
11 17 45
11 18 33
11 19 36
11 20 46
11 21 39
11 22 45
11 23 25
11 24 37
11 25 46
11 26 50
11 27 42
11 28 50
11 29 44
11 30 45
11 31 38
11 32 46
11 33 27
11 34 50
11 35 44
11 36 35
11 37 42
11 38 20
11 39 24
11 40 40
11 41 20
11 42 24
11 43 44
11 44 47
11 45 31
11 46 30
11 47 28
11 48 35
11 49 49
11 50 46
12 13 23
12 14 46
12 15 20
12 16 38
12 17 40
12 18 20
12 19 27
12 20 49
12 21 31
12 22 21
12 23 47
12 24 49
12 25 48
12 26 20
12 27 39
12 28 30
12 29 45
12 30 37
12 31 25
12 32 36
12 33 37
12 34 48
12 35 21
12 36 32
12 37 20
12 38 23
12 39 47
12 40 28
12 41 26
12 42 43
12 43 49
12 44 35
12 45 39
12 46 30
12 47 35
12 48 24
12 49 26
12 50 48
13 14 30
13 15 42
13 16 48
13 17 42
13 18 49
13 19 40
13 20 27
13 21 40
13 22 41
13 23 23
13 24 23
13 25 23
13 26 42
13 27 32
13 28 47
13 29 35
13 30 23
13 31 31
13 32 37
13 33 43
13 34 36
13 35 46
13 36 36
13 37 46
13 38 38
13 39 39
13 40 23
13 41 24
13 42 39
13 43 47
13 44 48
13 45 27
13 46 30
13 47 35
13 48 43
13 49 34
13 50 37
14 15 35
14 16 31
14 17 26
14 18 34
14 19 26
14 20 45
14 21 32
14 22 23
14 23 38
14 24 45
14 25 29
14 26 30
14 27 26
14 28 40
14 29 26
14 30 24
14 31 20
14 32 37
14 33 47
14 34 38
14 35 47
14 36 33
14 37 49
14 38 30
14 39 49
14 40 48
14 41 27
14 42 34
14 43 33
14 44 43
14 45 25
14 46 39
14 47 47
14 48 39
14 49 50
14 50 44
15 16 48
15 17 37
15 18 41
15 19 34
15 20 50
15 21 38
15 22 22
15 23 40
15 24 45
15 25 43
15 26 37
15 27 39
15 28 34
15 29 42
15 30 48
15 31 46
15 32 30
15 33 25
15 34 45
15 35 32
15 36 40
15 37 49
15 38 41
15 39 28
15 40 33
15 41 29
15 42 25
15 43 46
15 44 29
15 45 25
15 46 30
15 47 25
15 48 39
15 49 29
15 50 22
16 17 42
16 18 24
16 19 48
16 20 48
16 21 30
16 22 46
16 23 44
16 24 31
16 25 22
16 26 48
16 27 33
16 28 34
16 29 21
16 30 43
16 31 26
16 32 38
16 33 33
16 34 40
16 35 33
16 36 40
16 37 29
16 38 33
16 39 27
16 40 39
16 41 34
16 42 48
16 43 46
16 44 28
16 45 35
16 46 43
16 47 45
16 48 20
16 49 34
16 50 29
17 18 39
17 19 34
17 20 39
17 21 27
17 22 28
17 23 44
17 24 46
17 25 35
17 26 36
17 27 28
17 28 49
17 29 40
17 30 27
17 31 31
17 32 49
17 33 33
17 34 39
17 35 49
17 36 20
17 37 42
17 38 37
17 39 21
17 40 39
17 41 27
17 42 28
17 43 46
17 44 26
17 45 46
17 46 35
17 47 36
17 48 29
17 49 26
17 50 21
18 19 22
18 20 37
18 21 26
18 22 34
18 23 45
18 24 43
18 25 32
18 26 43
18 27 47
18 28 45
18 29 29
18 30 44
18 31 43
18 32 33
18 33 33
18 34 22
18 35 23
18 36 37
18 37 41
18 38 33
18 39 26
18 40 46
18 41 49
18 42 41
18 43 31
18 44 45
18 45 42
18 46 33
18 47 46
18 48 35
18 49 25
18 50 39
19 20 21
19 21 31
19 22 44
19 23 35
19 24 47
19 25 24
19 26 20
19 27 21
19 28 31
19 29 29
19 30 42
19 31 41
19 32 39
19 33 35
19 34 26
19 35 27
19 36 23
19 37 37
19 38 34
19 39 45
19 40 39
19 41 30
19 42 25
19 43 37
19 44 40
19 45 38
19 46 23
19 47 22
19 48 25
19 49 31
19 50 27
20 21 29
20 22 45
20 23 24
20 24 22
20 25 50
20 26 42
20 27 37
20 28 42
20 29 34
20 30 27
20 31 23
20 32 45
20 33 35
20 34 38
20 35 38
20 36 45
20 37 24
20 38 25
20 39 34
20 40 26
20 41 32
20 42 30
20 43 48
20 44 50
20 45 44
20 46 25
20 47 26
20 48 24
20 49 27
20 50 45
21 22 20
21 23 33
21 24 36
21 25 21
21 26 32
21 27 46
21 28 31
21 29 20
21 30 29
21 31 38
21 32 29
21 33 22
21 34 26
21 35 30
21 36 25
21 37 33
21 38 38
21 39 32
21 40 32
21 41 29
21 42 25
21 43 34
21 44 25
21 45 23
21 46 24
21 47 26
21 48 30
21 49 31
21 50 32
22 23 32
22 24 35
22 25 32
22 26 21
22 27 38
22 28 22
22 29 23
22 30 26
22 31 35
22 32 26
22 33 36
22 34 28
22 35 29
22 36 46
22 37 41
22 38 27
22 39 49
22 40 33
22 41 25
22 42 29
22 43 29
22 44 45
22 45 48
22 46 45
22 47 30
22 48 32
22 49 49
22 50 39
23 24 46
23 25 49
23 26 34
23 27 22
23 28 47
23 29 36
23 30 29
23 31 25
23 32 22
23 33 42
23 34 41
23 35 28
23 36 33
23 37 33
23 38 49
23 39 42
23 40 45
23 41 22
23 42 38
23 43 29
23 44 29
23 45 27
23 46 34
23 47 43
23 48 44
23 49 31
23 50 47
24 25 27
24 26 21
24 27 28
24 28 27
24 29 22
24 30 27
24 31 23
24 32 30
24 33 23
24 34 36
24 35 24
24 36 24
24 37 34
24 38 39
24 39 40
24 40 47
24 41 28
24 42 38
24 43 28
24 44 26
24 45 46
24 46 47
24 47 49
24 48 44
24 49 48
24 50 46
25 26 25
25 27 44
25 28 42
25 29 38
25 30 48
25 31 33
25 32 43
25 33 26
25 34 35
25 35 31
25 36 37
25 37 21
25 38 22
25 39 26
25 40 24
25 41 33
25 42 22
25 43 34
25 44 30
25 45 21
25 46 45
25 47 35
25 48 33
25 49 43
25 50 44
26 27 39
26 28 49
26 29 24
26 30 20
26 31 24
26 32 40
26 33 46
26 34 43
26 35 32
26 36 29
26 37 24
26 38 41
26 39 28
26 40 34
26 41 36
26 42 27
26 43 37
26 44 27
26 45 33
26 46 30
26 47 48
26 48 41
26 49 22
26 50 33
27 28 20
27 29 25
27 30 37
27 31 23
27 32 27
27 33 33
27 34 40
27 35 25
27 36 34
27 37 50
27 38 21
27 39 25
27 40 20
27 41 48
27 42 50
27 43 42
27 44 44
27 45 45
27 46 22
27 47 40
27 48 44
27 49 37
27 50 48
28 29 43
28 30 47
28 31 37
28 32 32
28 33 42
28 34 21
28 35 20
28 36 50
28 37 37
28 38 47
28 39 38
28 40 40
28 41 33
28 42 34
28 43 48
28 44 39
28 45 41
28 46 28
28 47 25
28 48 49
28 49 34
28 50 50
29 30 35
29 31 41
29 32 33
29 33 41
29 34 32
29 35 47
29 36 27
29 37 21
29 38 48
29 39 30
29 40 21
29 41 22
29 42 36
29 43 26
29 44 22
29 45 43
29 46 43
29 47 40
29 48 49
29 49 28
29 50 44
30 31 22
30 32 30
30 33 43
30 34 39
30 35 26
30 36 32
30 37 26
30 38 24
30 39 49
30 40 30
30 41 23
30 42 38
30 43 50
30 44 24
30 45 22
30 46 32
30 47 36
30 48 29
30 49 27
30 50 44
31 32 37
31 33 21
31 34 47
31 35 36
31 36 39
31 37 28
31 38 42
31 39 27
31 40 25
31 41 24
31 42 24
31 43 27
31 44 28
31 45 49
31 46 49
31 47 42
31 48 36
31 49 35
31 50 32
32 33 47
32 34 33
32 35 25
32 36 40
32 37 38
32 38 30
32 39 22
32 40 50
32 41 27
32 42 26
32 43 28
32 44 27
32 45 38
32 46 23
32 47 40
32 48 43
32 49 25
32 50 43
33 34 35
33 35 38
33 36 28
33 37 29
33 38 38
33 39 33
33 40 22
33 41 35
33 42 25
33 43 44
33 44 36
33 45 38
33 46 40
33 47 22
33 48 24
33 49 23
33 50 35
34 35 29
34 36 38
34 37 45
34 38 32
34 39 43
34 40 28
34 41 30
34 42 39
34 43 45
34 44 33
34 45 38
34 46 45
34 47 38
34 48 38
34 49 35
34 50 42
35 36 46
35 37 27
35 38 29
35 39 35
35 40 26
35 41 20
35 42 45
35 43 50
35 44 31
35 45 36
35 46 44
35 47 23
35 48 30
35 49 30
35 50 20
36 37 35
36 38 49
36 39 46
36 40 41
36 41 22
36 42 33
36 43 24
36 44 20
36 45 23
36 46 31
36 47 36
36 48 41
36 49 37
36 50 39
37 38 45
37 39 40
37 40 31
37 41 49
37 42 21
37 43 42
37 44 23
37 45 21
37 46 46
37 47 36
37 48 47
37 49 29
37 50 50
38 39 46
38 40 28
38 41 36
38 42 29
38 43 35
38 44 22
38 45 46
38 46 32
38 47 39
38 48 47
38 49 42
38 50 46
39 40 39
39 41 27
39 42 41
39 43 26
39 44 22
39 45 40
39 46 40
39 47 37
39 48 33
39 49 26
39 50 31
40 41 31
40 42 36
40 43 39
40 44 30
40 45 32
40 46 46
40 47 27
40 48 38
40 49 30
40 50 29
41 42 24
41 43 39
41 44 27
41 45 24
41 46 21
41 47 35
41 48 37
41 49 45
41 50 31
42 43 35
42 44 34
42 45 40
42 46 47
42 47 34
42 48 22
42 49 21
42 50 37
43 44 50
43 45 44
43 46 47
43 47 27
43 48 24
43 49 47
43 50 47
44 45 30
44 46 40
44 47 25
44 48 47
44 49 21
44 50 36
45 46 44
45 47 41
45 48 35
45 49 47
45 50 43
46 47 38
46 48 38
46 49 47
46 50 36
47 48 40
47 49 32
47 50 40
48 49 46
48 50 27
49 50 39

0,30,20,26,31,27,37,44,24,46,44,24,41,22,37,48,24,24,27,33,49,31,27,35,49,46,39,50,27,45,48,36,24,35,49,40,21,39,32,20,49,36,47,31,37,41,20,22,39,27,
30,0,36,45,20,23,35,45,45,30,25,36,21,40,46,37,27,36,23,36,39,47,33,36,39,29,24,45,21,25,33,37,25,44,37,46,47,28,26,35,49,27,27,45,41,23,21,22,44,25,
20,36,0,39,50,37,41,35,39,40,41,42,47,32,37,24,45,28,49,21,41,26,48,35,35,43,36,38,34,34,28,36,34,23,26,43,30,42,39,23,28,38,45,32,34,29,24,49,26,21,
26,45,39,0,35,24,27,39,48,22,32,40,34,38,23,37,49,25,36,35,43,47,32,25,29,38,31,29,37,24,40,40,46,25,42,48,23,34,25,30,25,27,26,26,48,30,34,37,45,21,
31,20,50,35,0,32,48,23,37,31,22,41,38,43,42,24,30,32,21,44,37,42,41,24,29,35,41,26,39,20,21,30,30,25,29,31,47,48,49,39,25,26,49,34,29,25,44,30,35,39,
27,23,37,24,32,0,40,21,26,25,37,25,46,32,34,22,42,41,43,28,23,30,22,35,34,28,28,46,25,24,37,46,30,43,45,21,45,40,48,35,44,49,31,28,25,47,41,26,37,25,
37,35,41,27,48,40,0,23,45,34,35,24,39,28,41,29,30,40,23,38,47,26,35,33,44,20,38,27,27,22,38,28,21,42,21,46,35,33,22,27,20,48,25,33,24,20,42,37,38,33,
44,45,35,39,23,21,23,0,43,34,44,47,43,32,47,38,24,45,40,40,24,36,23,32,32,33,34,43,29,30,31,50,29,43,48,41,25,46,30,37,43,33,23,31,20,37,39,35,48,27,
24,45,39,48,37,26,45,43,0,35,44,33,43,33,22,37,23,20,37,22,36,36,31,45,22,23,27,33,47,25,46,20,37,36,36,34,45,41,48,26,42,23,42,38,39,39,45,46,50,25,
46,30,40,22,31,25,34,34,35,0,46,35,44,44,50,33,35,23,48,44,43,50,46,20,38,30,40,26,49,49,32,38,27,50,45,48,27,33,50,41,46,40,24,46,27,38,39,49,45,37,
44,25,41,32,22,37,35,44,44,46,0,39,26,26,43,20,45,33,36,46,39,45,25,37,46,50,42,50,44,45,38,46,27,50,44,35,42,20,24,40,20,24,44,47,31,30,28,35,49,46,
24,36,42,40,41,25,24,47,33,35,39,0,23,46,20,38,40,20,27,49,31,21,47,49,48,20,39,30,45,37,25,36,37,48,21,32,20,23,47,28,26,43,49,35,39,30,35,24,26,48,
41,21,47,34,38,46,39,43,43,44,26,23,0,30,42,48,42,49,40,27,40,41,23,23,23,42,32,47,35,23,31,37,43,36,46,36,46,38,39,23,24,39,47,48,27,30,35,43,34,37,
22,40,32,38,43,32,28,32,33,44,26,46,30,0,35,31,26,34,26,45,32,23,38,45,29,30,26,40,26,24,20,37,47,38,47,33,49,30,49,48,27,34,33,43,25,39,47,39,50,44,
37,46,37,23,42,34,41,47,22,50,43,20,42,35,0,48,37,41,34,50,38,22,40,45,43,37,39,34,42,48,46,30,25,45,32,40,49,41,28,33,29,25,46,29,25,30,25,39,29,22,
48,37,24,37,24,22,29,38,37,33,20,38,48,31,48,0,42,24,48,48,30,46,44,31,22,48,33,34,21,43,26,38,33,40,33,40,29,33,27,39,34,48,46,28,35,43,45,20,34,29,
24,27,45,49,30,42,30,24,23,35,45,40,42,26,37,42,0,39,34,39,27,28,44,46,35,36,28,49,40,27,31,49,33,39,49,20,42,37,21,39,27,28,46,26,46,35,36,29,26,21,
24,36,28,25,32,41,40,45,20,23,33,20,49,34,41,24,39,0,22,37,26,34,45,43,32,43,47,45,29,44,43,33,33,22,23,37,41,33,26,46,49,41,31,45,42,33,46,35,25,39,
27,23,49,36,21,43,23,40,37,48,36,27,40,26,34,48,34,22,0,21,31,44,35,47,24,20,21,31,29,42,41,39,35,26,27,23,37,34,45,39,30,25,37,40,38,23,22,25,31,27,
33,36,21,35,44,28,38,40,22,44,46,49,27,45,50,48,39,37,21,0,29,45,24,22,50,42,37,42,34,27,23,45,35,38,38,45,24,25,34,26,32,30,48,50,44,25,26,24,27,45,
49,39,41,43,37,23,47,24,36,43,39,31,40,32,38,30,27,26,31,29,0,20,33,36,21,32,46,31,20,29,38,29,22,26,30,25,33,38,32,32,29,25,34,25,23,24,26,30,31,32,
31,47,26,47,42,30,26,36,36,50,45,21,41,23,22,46,28,34,44,45,20,0,32,35,32,21,38,22,23,26,35,26,36,28,29,46,41,27,49,33,25,29,29,45,48,45,30,32,49,39,
27,33,48,32,41,22,35,23,31,46,25,47,23,38,40,44,44,45,35,24,33,32,0,46,49,34,22,47,36,29,25,22,42,41,28,33,33,49,42,45,22,38,29,29,27,34,43,44,31,47,
35,36,35,25,24,35,33,32,45,20,37,49,23,45,45,31,46,43,47,22,36,35,46,0,27,21,28,27,22,27,23,30,23,36,24,24,34,39,40,47,28,38,28,26,46,47,49,44,48,46,
49,39,35,29,29,34,44,32,22,38,46,48,23,29,43,22,35,32,24,50,21,32,49,27,0,25,44,42,38,48,33,43,26,35,31,37,21,22,26,24,33,22,34,30,21,45,35,33,43,44,
46,29,43,38,35,28,20,33,23,30,50,20,42,30,37,48,36,43,20,42,32,21,34,21,25,0,39,49,24,20,24,40,46,43,32,29,24,41,28,34,36,27,37,27,33,30,48,41,22,33,
39,24,36,31,41,28,38,34,27,40,42,39,32,26,39,33,28,47,21,37,46,38,22,28,44,39,0,20,25,37,23,27,33,40,25,34,50,21,25,20,48,50,42,44,45,22,40,44,37,48,
50,45,38,29,26,46,27,43,33,26,50,30,47,40,34,34,49,45,31,42,31,22,47,27,42,49,20,0,43,47,37,32,42,21,20,50,37,47,38,40,33,34,48,39,41,28,25,49,34,50,
27,21,34,37,39,25,27,29,47,49,44,45,35,26,42,21,40,29,29,34,20,23,36,22,38,24,25,43,0,35,41,33,41,32,47,27,21,48,30,21,22,36,26,22,43,43,40,49,28,44,
45,25,34,24,20,24,22,30,25,49,45,37,23,24,48,43,27,44,42,27,29,26,29,27,48,20,37,47,35,0,22,30,43,39,26,32,26,24,49,30,23,38,50,24,22,32,36,29,27,44,
48,33,28,40,21,37,38,31,46,32,38,25,31,20,46,26,31,43,41,23,38,35,25,23,33,24,23,37,41,22,0,37,21,47,36,39,28,42,27,25,24,24,27,28,49,49,42,36,35,32,
36,37,36,40,30,46,28,50,20,38,46,36,37,37,30,38,49,33,39,45,29,26,22,30,43,40,27,32,33,30,37,0,47,33,25,40,38,30,22,50,27,26,28,27,38,23,40,43,25,43,
24,25,34,46,30,30,21,29,37,27,27,37,43,47,25,33,33,33,35,35,22,36,42,23,26,46,33,42,41,43,21,47,0,35,38,28,29,38,33,22,35,25,44,36,38,40,22,24,23,35,
35,44,23,25,25,43,42,43,36,50,50,48,36,38,45,40,39,22,26,38,26,28,41,36,35,43,40,21,32,39,47,33,35,0,29,38,45,32,43,28,30,39,45,33,38,45,38,38,35,42,
49,37,26,42,29,45,21,48,36,45,44,21,46,47,32,33,49,23,27,38,30,29,28,24,31,32,25,20,47,26,36,25,38,29,0,46,27,29,35,26,20,45,50,31,36,44,23,30,30,20,
40,46,43,48,31,21,46,41,34,48,35,32,36,33,40,40,20,37,23,45,25,46,33,24,37,29,34,50,27,32,39,40,28,38,46,0,35,49,46,41,22,33,24,20,23,31,36,41,37,39,
21,47,30,23,47,45,35,25,45,27,42,20,46,49,49,29,42,41,37,24,33,41,33,34,21,24,50,37,21,26,28,38,29,45,27,35,0,45,40,31,49,21,42,23,21,46,36,47,29,50,
39,28,42,34,48,40,33,46,41,33,20,23,38,30,41,33,37,33,34,25,38,27,49,39,22,41,21,47,48,24,42,30,38,32,29,49,45,0,46,28,36,29,35,22,46,32,39,47,42,46,
32,26,39,25,49,48,22,30,48,50,24,47,39,49,28,27,21,26,45,34,32,49,42,40,26,28,25,38,30,49,27,22,33,43,35,46,40,46,0,39,27,41,26,22,40,40,37,33,26,31,
20,35,23,30,39,35,27,37,26,41,40,28,23,48,33,39,39,46,39,26,32,33,45,47,24,34,20,40,21,30,25,50,22,28,26,41,31,28,39,0,31,36,39,30,32,46,27,38,30,29,
49,49,28,25,25,44,20,43,42,46,20,26,24,27,29,34,27,49,30,32,29,25,22,28,33,36,48,33,22,23,24,27,35,30,20,22,49,36,27,31,0,24,39,27,24,21,35,37,45,31,
36,27,38,27,26,49,48,33,23,40,24,43,39,34,25,48,28,41,25,30,25,29,38,38,22,27,50,34,36,38,24,26,25,39,45,33,21,29,41,36,24,0,35,34,40,47,34,22,21,37,
47,27,45,26,49,31,25,23,42,24,44,49,47,33,46,46,46,31,37,48,34,29,29,28,34,37,42,48,26,50,27,28,44,45,50,24,42,35,26,39,39,35,0,50,44,47,27,24,47,47,
31,45,32,26,34,28,33,31,38,46,47,35,48,43,29,28,26,45,40,50,25,45,29,26,30,27,44,39,22,24,28,27,36,33,31,20,23,22,22,30,27,34,50,0,30,40,25,47,21,36,
37,41,34,48,29,25,24,20,39,27,31,39,27,25,25,35,46,42,38,44,23,48,27,46,21,33,45,41,43,22,49,38,38,38,36,23,21,46,40,32,24,40,44,30,0,44,41,35,47,43,
41,23,29,30,25,47,20,37,39,38,30,30,30,39,30,43,35,33,23,25,24,45,34,47,45,30,22,28,43,32,49,23,40,45,44,31,46,32,40,46,21,47,47,40,44,0,38,38,47,36,
20,21,24,34,44,41,42,39,45,39,28,35,35,47,25,45,36,46,22,26,26,30,43,49,35,48,40,25,40,36,42,40,22,38,23,36,36,39,37,27,35,34,27,25,41,38,0,40,32,40,
22,22,49,37,30,26,37,35,46,49,35,24,43,39,39,20,29,35,25,24,30,32,44,44,33,41,44,49,49,29,36,43,24,38,30,41,47,47,33,38,37,22,24,47,35,38,40,0,46,27,
39,44,26,45,35,37,38,48,50,45,49,26,34,50,29,34,26,25,31,27,31,49,31,48,43,22,37,34,28,27,35,25,23,35,30,37,29,42,26,30,45,21,47,21,47,47,32,46,0,39,
27,25,21,21,39,25,33,27,25,37,46,48,37,44,22,29,21,39,27,45,32,39,47,46,44,33,48,50,44,44,32,43,35,42,20,39,50,46,31,29,31,37,47,36,43,36,40,27,39,0,
